0.4821873355720916 0.0009910287608707654 0.007060316628273447 0.0055692135350678676 0.0004471157476907033 0.029183926930288012 0.0037769687185661397 0.017509227735573802 0.00801360056591804 0.0007040936201678613 0.022640182955147133 8.645257273847827e-05 0.010627088367977752
0.0032079292647919483 0.5959223637497387 0.01361942249020931 0.00826298197697999 0.00023983708185395985 0.00016544452099780398 0.00041935588094637916 4.2553586889293766e-05 0.0036253425122484135 0.0001288429573035601 5.081055773370131e-05 1.8465865829089455e-05 0.0004162033969743108
0.005987107201477433 0.005596304088612382 0.5839485076470142 0.0055115528850851895 0.0007114153279888158 0.0008478773936288912 2.6136374888908892e-05 0.0005290411387495408 0.016725719176824666 0.0012867880837522233 0.00032750393832118533 5.120832453397098e-05 0.00012826781086109737
0.021296224587135194 0.01838408560414872 0.03946281649958708 0.4744523960940461 0.0016408199746341427 0.0029200223984555875 0.0016144121145135282 0.0031092854560939493 0.05385594565718426 0.0032120342012284483 0.0034126069657415482 0.002607036150872979 0.0014506791638966418
0.0790424144119136 7.718525589852392e-05 0.0026464393289954294 0.0003215399182102647 6.53467743992692e-05 0.427738827243601 2.01445750593127e-05 0.07562862714031363 0.0009738207077532442 0.008783812164663382 0.014149493604284169 6.886130400084608e-05 0.0004827484615267778
0.07920149979229937 0.011414775686741247 0.0010272837620036552 0.03936842208891177 0.0050643093797391025 0.0009464884363111873 0.37410963263821534 0.004822634287398038 0.03531496411574192 0.0004969656593487859 0.01600651752324955 0.0006210863466085854 0.0430517114618447
0.042123439768709955 6.426668713472923e-05 0.0011501151509012697 0.0011257258205378297 0.0012513796438273334 0.073702395005583 0.00018862307415982058 0.4364009394925192 0.0006527058882024123 0.0031902023888097856 0.05390316134867902 0.00013791990642885357 0.0014157743000336237
0.026351437441223164 0.007576703769807161 0.07751369563458757 0.03985533946466312 0.00044142632616024207 0.004576127772623393 0.00210690325238141 0.0020129193695584027 0.4212814108462853 0.031237223938477717 0.0029616031634577466 0.005629556389737185 0.002794238890546157
0.0013812995702934768 0.0001420364823897837 0.003853184993142134 0.0009215116019179122 4.980086798981261e-05 0.013111392222866678 4.922939024312187e-05 0.0038723984220680437 0.010602471164718163 0.5780015192377854 0.0009262135260568265 0.0011598806447119696 0.0003182501537294053
0.10308247908670612 5.7004138640437846e-05 0.0011106871035525192 0.001967193310245269 0.0011183763693352433 0.02257452196274343 0.0002662045194292954 0.1898814745855973 0.001040215486094924 0.0003922685694088816 0.294050158755184 0.0001268968466608815 0.0003829317130613759
0.000609336 0.00018282168 0.0022778956 0.061517287 0.00017778904 0.0019228089 0.00077408296 0.0015822934 0.17019734 0.084307775 0.0012539024 0.31479713 0.00017894548
0.19976836126207728 0.009905268719806763 0.0020117137201064754 0.008824320319160273 0.0012715015807047458 0.0027312295821011827 0.04537659471906969 0.006556177857451291 0.02391024061345553 0.0012765788462867314 0.009139963482279235 0.00019980346861804335 0.31575171169011085
